0.6486894986083219 1.2600082963940582
-0.7157289319767337 -1.6397143433448393
-1.010153512125304 0.8580922510223817
-1.072233433471332 -0.770151304106994
-1.6615363522198907 0.4633931528247659
1.161885794245385 0.5052080891615653
-0.76070628662207 -1.4936367574578562
-1.08864221912124 -0.8526129539800149
0.7099324035277045 0.6902091905636294
0.9153327108762745 0.8537049489011581
-1.3161058368433323 -0.6378813461098549
-0.3012192552334021 1.7183462235334843
0.6486894986083219
-0.7157289319767337
-1.010153512125304
-1.072233433471332
-1.6615363522198907
1.161885794245385
-0.76070628662207
-1.08864221912124
0.7099324035277045
0.9153327108762745
-1.3161058368433323
-0.3012192552334021
