-0.7285899074521263 1.8033659426145947
-1.466425691704759 -0.7687845709145817
-0.22474061942309698 -3.310579017898733
-1.4772716617144168 -1.117504970850646
-0.4817796205743834 -1.7675455345611426
0.6963023154976575 -1.5296369097570695
-0.8645400769392879 -1.2409338883051024
0.3735729289851448 -0.7524023283347896
-0.44710832099343323 -1.6666625855895196
-1.3319999947142354 1.6348586010120996
0.9998781802410593 0.12590546353704912
0.9846880971095793 0.004227720799189094
1
1
-1
-1
-1
-1
-1
-1
-1
1
-1
1
