-0.8644771179653412 -1.4092197789788181
-1.2940110779908132 -0.549226918773297
-0.06539297212173456 1.1125737640444677
-1.272214654075065 0.2594510608154039
-1.569173295285787 -0.5405480622938028
-1.0110381310913266 1.6609209254055308
0.2430571053270948 -1.5662979526093899
1.0751093827463263 -1.0013709060905582
-0.5021860016596111 2.0513213259539107
0.9211620527137556 -1.0702075452630866
-0.7909593484619164 1.604955511620123
-1.1068686024315901 1.7171855904392395
-1.0807753635832964 -1.155307462979723
1.5028491135772468 0.1838779306256657
-0.8644771179653412
-1.2940110779908132
-0.06539297212173456
-1.272214654075065
-1.569173295285787
-1.0110381310913266
0.2430571053270948
1.0751093827463263
-0.5021860016596111
0.9211620527137556
-0.7909593484619164
-1.1068686024315901
-1.0807753635832964
1.5028491135772468
