1.0173780380336601 -1.0622095678983725
1.3313904904923288 -0.6617657163505566
-1.2740604216250282 -0.14343039571032767
0.8962111442886294 -1.115096789245087
0.6806453725571615 -1.2044023899134095
-0.6267911264653537 -1.7344021309857651
-0.6732591914514583 -1.7896239271341705
0.9404606680017669 -1.1002991768293602
-0.9554321835841253 -1.1805466694228324
0.8230083646013602 -1.0663326118206502
-1.3323295243665356 0.6024567132039619
-0.854366644572202 1.922961290651386
1
1
-1
1
1
-1
-1
1
-1
1
-1
-1
