[0.324089]
[0.632274]
[0.382841]
[-0.0175285]
[-0.0485802]
[0.186814]
[0.0156651]
[0.30747]
[0.462815]
[0.29226]
[-0.420393]
[0.0928841]
[0.00240993]
[0.0111685]
[0.0860682]
[0.311284]
[-0.0333166]
[0.211612]
[-0.121059]
[-0.0455275]
[0.321523]
[-0.0634689]
[-0.0573301]
[-0.115327]
[-0.315225]
[-0.50722]
[-0.203077]
[-0.18265]
[0.332999]
[0.0128946]
[-0.213185]
[0.459433]
[0.278608]
[-0.13265]
[0.349004]
[0.497295]
[0.343388]
[-0.453887]
[0.664394]
[-0.27855]
[-0.113999]
[0.104271]
[0.204183]
[0.279486]
[0.507257]
[-0.047163]
[0.215151]
[-0.113644]
[0.14617]
[-0.478585]
[0.109336]