X shape = 50, 2
y shape = 50, 1
--
[0.418669]
[0.418161]
[0.379692]
[-0.148541]
[-0.234949]
[0.323957]
[0.508183]
[-0.0260992]
[0.33163]
[-0.3164]
[0.0814886]
[0.533604]
[0.164828]
[0.492069]
[0.274426]
[-0.0963058]
[0.366632]
[-0.0967712]
[-0.570805]
[0.796635]
[0.477318]
[0.0190248]
[-0.315643]
[-0.179353]
[0.0612211]
[-0.00109482]
[0.378003]
[-0.0460758]
[0.0573406]
[0.177341]
[-0.0827188]
[-0.295797]
[-0.28769]
[0.231966]
[-0.285666]
[-0.187084]
[-0.127343]
[0.05898]
[0.203891]
[0.261901]
[-0.336106]
[-0.288788]
[0.305101]
[-0.0100546]
[0.393185]
[0.204865]
[0.226841]
[-0.0554276]
[0.0713673]
[0.00502777]
[0.244823]
--
Time = 30.4884 seconds 
Data sent = 708.951 MB
Global data sent = 1894.49 MB
