2.495581423581821 0.10500999682720473 -1.193554275956721 0.9726968504275754 -0.38319108298178606 -0.8138500769306567 -0.7795099890333697 0.10720570622055522 0.5375028197487958 -1.3458494445431837
0.30730590133819313 0.3130483524526014 -2.1007723924793305 -0.08763904817713496 -0.6490600130743848 -0.6337846970765716 0.7208432566349551 0.07761112709429421 0.6463622405656618 0.26344967295758837
3.00638401317549 -2.494947123222315 0.500966616806741 -0.23902121000514595 0.8908221396377223 -0.34783157243306506 0.8157767630144575 1.0766329178031944 -0.2205130617976315 0.031322722858308845
-2.580750115268084 -0.6591435640458345 -0.7965980622801372 0.15593046894712492 1.1523283362379908 0.9944632200965656 -0.41069910838862816 1.0002048711721123 -0.33534697241017414 -0.2817852618524808
2.711172051075136 -1.4904156762421044 1.7559209162767218 3.0002833597905236 -2.3218013405205444 3.1743552531815946 -0.6943613972616052 2.6964104942217646 2.982168676377056 4.81116353233931
-1.3842384078857517 1.8287376748584196 -0.21346387109314569 -0.29113266396495113 -1.203830209959237 -1.0341371832937831 0.38390982605959956 0.09646545144890667 0.3850069017541321 0.24294787328971687
-2.1465172856814014 -0.04182203223997395 1.4199543920635287 -0.9147668847038968 0.6828885497743901 -2.24504894513647 -1.0453518643677533 0.06865902229427716 0.016112600130307634 1.258861449417212
-0.3679110139157765 -1.3197014655305868 0.29859978287550004 1.7279785619659427 0.6428397132959627 -0.5152938959647424 -0.990460785468913 -0.6998442712644146 1.6499811812541512 -1.3317852152325533
-1.4738753180947046 -1.7654136830536662 -0.043165720631055206 -0.3938334580612998 -0.8568813568918132 -1.963099809854833 0.5588232458340535 0.5137006859420418 0.41382397576533386 -0.32335815475966384
-3.0800538675118156 -0.8794692228309846 -1.3173780097892458 -0.03863355202878254 0.7094932505238187 0.9188230102224315 -0.5843431735634583 0.8241697956541418 -0.4202789585690953 0.10005101595667987
-2.5636084359325926 -0.5314370229487849 -0.30562321814869153 1.2872963804519477 0.8127487900620993 1.4265893365830284 -0.16491033379849518 0.43338022920822405 -0.7865320349280325 -0.44586228073701045
-1.4113710990547945 -0.8790754769739642 -0.26269851489425594 1.566872483136386 0.27177173623905926 0.2176575143565161 0.5603938494850074 -1.589405335856705 0.5333432961840979 0.38000826711017055
0.4042456608764947 0.4781302270166014 -1.4004092017037728 1.397879762963174 -1.9485879266383426 0.39916985544099687 -0.11143715542932418 -0.7739087753422653 -0.2932168462818284 -0.7234752986152404
2.9834071791410985 -0.4036051585944367 -1.2356769404606462 -0.02477508676002947 -0.6793749613476315 -0.3676647389546684 0.3551437167296935 0.3520936910703292 -0.32373518789623046 -0.46347994155875394
-0.4513672993674989 -1.3412836218397326 -0.021780795923206513 -0.2813408543165283 2.3000832452610984 -0.19084692425663247 -1.1505651425474617 2.980627629939391 0.23846330765966406 -1.1999674206285953
-3.480392056763533 -1.0874715343666612 -1.5442025823157504 -0.6296894417264849 0.3177564741656696 1.016769085996678 -0.9992864693338891 0.8318108311247785 -0.31362992026291103 0.38893840748207054
0.7959387244797795 1.0577383617862388 -0.8253239197626514 -2.2210552803616674 -0.26398168642318726 1.3216425824762665 -0.1390892645271057 -0.9872666421598966 1.71578892908154 -0.8226142072996481
-0.007354648176835605 -1.5769359842807755 -0.1716508103327093 -0.25464835797292723 0.499648234974583 0.07291247051067584 0.8077453563903821 -0.17117406100901128 0.1812569883409638 0.058389559668830894
1.9678720388339257 -2.3002517211860325 -0.15633673620002592 0.11940415394568922 0.7517151613154294 -0.4646383195767944 0.9574037473196488 0.2239616553969829 -0.3110557182736529 0.31699314519926974
-1.7906711366089256 0.5171866217786281 2.363303209305327 1.2670652042320143 0.929159673336603 -0.7643639683961349 0.700511785248013 -0.5646889793010912 0.7105993082425541 -0.3025284534775734
-2.6236317711634327 -0.9127249256200921 0.5598995258038668 -0.844266927922703 -1.2188971472419747 -0.7413514464802813 -0.2381141718269277 -0.17463324109225473 0.4347309020813958 0.18140470613830167
2.767934410195446 0.9051556739414214 -0.518114345238541 2.0078374778321995 0.7599811892509629 -0.5537949802710975 2.1349557445216956 0.06347490495929206 -0.5160052487773207 0.15213949619724074
-3.387591569760209 -0.7606343673823354 -0.9543201394098189 1.0916814364444116 0.311454608278198 1.1792303866970377 -0.6016131099369847 0.3322411077606376 -0.5463258505556299 -0.39368859894551517
-2.57893749427485 -0.8363875968438453 0.4423228588744842 -0.1720624701073781 -1.1647517110877301 -1.02856634894213 0.16449302153414355 0.016567449149981393 0.4481297474869758 -0.3643835589643867
3.566428412659541 -0.2891194984040019 3.036868823933546 3.8185115285704185 -1.4370531262913757 4.359851410836791 0.18888651917641006 1.6957773271974133 2.0619761556822365 5.545633615563112
2.6602760734682094 -2.5228527381363053 0.8510606144394699 -0.8283594084380369 -0.08755926059766839 0.9368080246339583 0.050830314296877364 -0.17407394564960393 -0.9845760366867605 -0.6844262810425137
-1.6713190068893287 -0.7035825217162593 1.788684615176573 0.3970079989704929 -1.661483059239486 0.10706223320732922 0.30053659542070965 -0.047345367254019326 -0.5511613557460878 -0.9296389933058692
-0.019032566053327708 1.2506864923645769 0.3017310192247408 -0.812791851259352 -1.0353329604078036 -1.2763200356685263 0.5169681442163455 1.350453926219298 0.13973235723749494 -0.640594455853859
0.8395287206364587 0.6699795779916546 -1.3254976991148795 1.1137775967381345 -1.0903935556561268 0.4459738900239499 0.17778935045656924 -1.6430047441479474 -0.5875353080219241 0.6374931189606275
-1.3904736529306916 -1.4074622682528073 -1.079023145048972 -0.588178325833257 0.6567934204545417 -0.27654956786579915 1.2403417049688317 -0.5876273996614492 0.5890590275737749 1.7081599162367178
0.3047529713552403 1.3947312887231347 1.0308856360437704 -1.2379916770338053 -1.8247000832433902 0.04363674412897365 -0.1112436649624998 0.9062661840070263 -0.3546965433907375 -0.5719726625457812
-0.5233862024185958 0.4204400417771256 1.4927037023309735 -3.091410013038375 2.234090801370005 1.3741345406613323 1.480935606325064 -1.0856500133911393 -0.24954960381755698 1.2663359822922944
-1.8550648147964934 2.1754503674024286 -0.541220717244965 -0.10152938553750308 -1.0083060642921686 -1.1122180497064027 1.3975825740630958 0.1528908445747983 0.08769829430080954 1.0779614398071042
2.154906551954038 -0.875735979752794 -1.8570738400604505 -0.9681900479504788 -1.9080603643134806 0.13248895176308162 0.06252478426862 0.10206013140056577 -0.6647319040396958 0.12893014346717183
0.5886688143332404 -2.991363314486232 -1.2181674822755941 -0.8369077801067714 -1.1830105337004593 0.1732537266219608 0.5250526261434454 -0.36385672562685323 -0.7890971678069535 0.6648969890970975
-2.2777722363369755 -0.15953082446201272 0.30179919845148373 1.107412498287908 2.213946057066369 0.7819475317954524 -1.1281806336459872 0.7505630532927601 0.3501147160178287 -0.5118797493242495
-0.5075214580651078 -1.2206186407570985 0.157937791758404 0.023721284703004476 -0.39856961070181995 0.9581049897053742 -1.4422521078114492 -1.3438439369610948 0.3953621237962675 -0.2333160132851416
1.786216646178171 -0.3433046401705071 -1.727443192194428 0.19734486060513382 -1.3779653670160132 -0.3849919460734254 -1.4496709432344712 -0.5574209939178175 0.27853722931433783 -0.8574837691823147
-1.8628902187648708 1.8902107236124612 -0.43799125378965614 -0.6444659305791867 -1.2932787258154652 -0.9927320254257392 0.5015686935876907 0.12114807654840748 0.395993913350628 0.7857361662963399
0.0035119078985102075 -2.0174856190555905 -1.1246693529759368 0.15388769097674979 0.8688558707687846 -0.9807633589474366 0.7852280385058884 -0.5848400128662321 0.6865843658154572 0.7775366193211564
1.992346673594518 0.3369527486413541 -0.8021217175242562 -0.6095406691782397 -0.5716057315795612 0.38611797767547634 0.8361997113982319 0.4106439510244271 -0.35249625195843587 0.14652337308018376
3.227406797934428 1.463098016566099 0.7219611493475863 1.658547624821445 1.5017591468120264 -0.2600303113329413 2.1124689592533983 1.2308949281696682 0.02059825827049158 -0.27996337848087
-0.26720084587102894 -1.6142328888847102 1.4958925823396996 -1.3695056642449317 -0.5697661905657448 -1.3707674771177076 -0.11362761103901095 2.1231541850586937 0.43485821237597927 -0.794185589743698
-1.3491314904447211 2.0980356777897438 0.33156185530579835 1.220143441313046 -1.382554745008021 -0.7792735544182954 0.8863844480787011 -0.2342070149974424 0.0837093752943162 -0.3846182971228706
2.4034137297242375 -0.05243935339861784 -0.809468203116424 -0.0329710964565824 -1.5517975390943963 0.5843579474559258 -2.202696206901125 -0.8427530101218283 0.0669458589545757 -0.7463134760669586
-1.5477809801079139 -0.5922031082920041 1.4525629884232225 -2.0488746235977002 -0.7561483062053773 -0.9598809883406639 0.5701071062370331 0.5961490576458096 -2.305806333339987 1.5770323279401182
-0.34966523021593937 -1.409050787405733 -0.2358421614431438 -0.23172138489666225 1.426980083031925 -0.6410535296616398 0.25870608035702447 -0.2661496242452551 1.3665262331708863 0.3352306367938442
-3.264927613984074 -0.9107431674973537 -1.0164298158584852 0.962469726019388 0.388583373512524 0.8918008141545335 -0.8956877750762952 0.6796487962428788 -0.31474630232973233 -0.31848251869583105
1.397921246642945 0.5236342759773635 -1.5530383269411203 -0.5606973538909431 1.0109225376386068 -2.1522971635049983 -0.8268868090552736 -0.5250908761259178 -0.0660507772944249 1.859277549547129
0.19263086425702525 1.542605517800071 0.6619532183979114 -0.483595270009291 -1.7059080223433207 -0.49692769896018507 0.1027291922458905 1.101827913828903 -0.6648932757976411 -0.8354692344343396
-1.53452130245827 0.5125762446250688 1.4342557462308403 -0.9958494537851605 1.4211233746936838 2.3483028900044536 1.2135054329721877 -1.976729622612214 1.6728768476838343 -0.4568347275477833
-0.4903785585219742 1.6107670659742515 0.26146544564514446 -0.9673460992808367 -0.6510642518039429 -1.0350082999368484 1.303589996402318 0.88029378711823 0.23398220727205232 0.39371074870521283
2.16051239863493 0.2401734190001968 -1.6344363182507258 0.13127585971149947 0.5978133283911072 -1.3152671860080984 0.6434268107561767 0.5376143611975704 0.3432793554852374 0.7762104753452734
-1
-1
-1
1
-1
1
1
1
1
1
1
1
1
-1
1
1
1
1
-1
1
1
-1
1
-1
-1
-1
1
-1
1
-1
-1
1
1
-1
-1
1
1
-1
1
-1
-1
-1
-1
1
-1
1
-1
1
-1
1
1
1
-1
