-1.5419805034069185 -1.0199453629445752 -0.45142699389617497 -0.18616155226957518 0.15844487735275928 1.2183427196985561 0.59599489320755 -0.14426185268493572 0.3981948582786005 -1.077013565148244 0.15899521494152802 -0.8396301795937617 0.22269397866653973 -0.17229304007923793
0.1847964573793522 0.808725269323545 -0.7996430039199461 -1.9041736244528444 0.11459297711389342 0.4924912199346535 1.0484912913745348 1.3250113338766885 -0.156685353356567 -1.5310798207136747 -0.29074260893725223 1.1049197590447004 -0.45270081512410765 -0.47582387560895906
0.345969899012508 -0.21168805844650482 -2.2655259189851717 -1.2387477002695557 0.17565400586877997 -0.35811726617938305 1.033689037299467 -0.3816925661060222 -0.21261496729157825 -0.07099200543178706 0.8702566203430648 -0.12401111257420652 -0.42536100922730796 0.09342279122223807
-1.0387101052432786 -1.1429367914943285 -1.3583541223913909 2.8089478434607775 -2.1183083159002263 -0.7582651430656612 -0.04438204728711765 0.6046005835201879 0.3666787927626731 0.5050425111506929 0.4735659685350739 -1.261847848376824 0.6531804729256024 -1.8619315054474919
-1.1874824288085832 0.6075045195000802 0.6680661794864613 1.680319879648402 -0.7789325877969395 1.5303385604772906 -1.9476220519892489 -0.43566283626759017 1.0595371520639245 -2.8525430420769333 0.3939909343436168 1.5640006112622182 -0.29393929307251543 0.9670798443361416
0.14458621764295618 2.1028659523793083 2.5251451151762794 0.04852725107940196 0.1766509471080248 -1.529664208263367 0.3135163277167753 -0.15268334640612477 -0.32926737112748944 -0.006829035481103227 -0.4444613959534522 1.0155260062200127 -1.0991400817430537 -0.910011384420303
-3.191989796426527 -1.4500637646670422 -0.4335562966303837 -0.8555020505880984 1.1888963454687647 0.6400897641538015 -0.6416148197765417 0.0676210297596084 -0.2553024012602758 0.8800182761236571 -0.2432055299009168 0.5592116567723578 0.09666483148350567 0.2639911434784107
-1.312818870035778 -0.939626561055515 -0.14828333703650926 -0.3144955143863816 -0.11470096970438635 1.2500858284645557 0.40909660861757324 0.2164604030200824 0.32252988655730486 -1.2353383950767631 0.05394213516296559 -0.23136803807170547 -0.29183988628876034 -0.20451427964673422
-1.3863604018945355 -0.4140766771606759 2.8393586317210193 0.6212180867843211 0.29892927069916686 -1.2151228845721114 0.3159066706693565 -0.8080315163708928 -0.08784226236856638 0.053140955910536046 -0.49366493360433195 -0.23380497998424743 0.09167471523589153 -0.04055490745601693
0.7940029362751718 2.8286381035070343 -0.19021541770838318 2.062742741416916 0.26901152385567784 -0.7783381356384814 -2.8375571619026134 0.621823256583295 1.4497035670047451 -1.7805881974800075 -0.1776167604102918 0.6751352294434998 1.2795381596659943 -0.3993543498153786
2.6668657794283988 -2.0320885606697776 0.5260874752641684 -0.8726756301234121 -0.5797764673558672 0.10993774382586792 -0.03798639698400442 -1.180269682973362 0.027849293869500916 0.19070530579013104 -0.34956425532298036 -0.4295556421667555 0.0024063843802470714 1.717903614256215
-0.6009158944302525 1.8989172132819883 -0.507634514977668 3.1649842449851233 1.0383016992807574 -0.2849890761853268 2.4122171663796457 0.24512281384451612 -0.3408408300294864 1.0074390797020756 -2.053704925278254 0.391375489827262 0.7104792198306751 -0.3807829840822728
4.010176763801502 2.0228780342217725 -1.3405616305603123 2.8730493894708133 -1.4280730198528842 2.9644347352269267 1.4670161326566915 -0.6583218106982003 1.1264090997574758 1.2593225772200243 -1.8347842037899782 -0.7960700325630644 0.9693812080997277 -1.0919947614807481
-2.527163040656136 1.4227781411440255 -1.0324572722036593 0.18914040239215604 0.16232725732660738 -1.2688430984813845 1.1913818420026694 -0.1174130390077712 -0.6335436794827317 -0.2714005446720266 0.6487668755366688 -0.599784576174606 -0.18604009985319972 -0.5442920990028819
2.5570962783272826 0.9919890619162736 0.15211488328878384 -1.474115040063291 -0.6366847659515624 -0.006785738019016261 -0.08332554759700572 -1.1619546869629966 0.9987401530209756 0.501877675562492 0.24824002016518495 -1.3447350627376924 -0.320461447646464 -0.5660200016561889
-1.5104122193550795 1.831374375187127 -2.0917557500688195 0.9906223742102039 0.965624747885975 -0.11321392874491591 -1.1141768545490924 -0.6483949662068234 0.38036313880080996 -2.4395316177681305 1.0204265780350505 0.6676077958204258 0.9195512059147024 1.027373687007003
0.6581170138748411 1.6028953652256197 0.5795043235631663 -1.6141932775289975 0.514850843502336 -0.4023859294210197 -0.2621588593749872 -0.15050054569127505 -0.039831337997425616 -0.3682082481602096 -0.2694234809965294 -0.020803379432254535 -0.45083947837159155 0.5739416940881729
0.6948620816165871 -0.3225135229926717 2.267074495470407 -0.714206398098301 -0.10897928920814375 1.1154023884840338 -0.24647945702632973 -0.34094783907699433 1.3442531856358535 -0.7863083539050013 -0.7070926062546474 -0.9592509842598503 0.1790284221512478 -1.0180595865280346
-2.8903463305106243 -1.2181897165580318 0.286315659494627 0.7472345733159358 0.17295812635920507 -0.9072263088928195 1.026033906873403 0.3713770498356255 -0.43804699085655885 -0.7457692991241982 0.2489265314568201 -0.017040280497058483 -0.24999729714061245 -0.8213637834071398
-2.151654116360906 -1.266135521700918 -0.6299551521319409 -0.6030644672601542 0.3491704154599936 0.807612841419917 0.5876170637355252 0.19556254379552665 0.3484473991316399 -1.1401255001950674 0.22792713068994264 -0.8300923136417853 0.41091189639008685 -0.2372567392450747
2.6187930155146115 -2.0655689910147212 0.6828838741377992 -0.9732043939162631 -0.832498853457526 -0.0679948028383509 -0.6327828294305816 0.10513281954902312 0.3708313246526743 -0.2671228370469054 -0.1486143524268698 0.06598613129060599 -0.6015348714544372 -0.33701710199730495
-1.8660219870803485 -2.3645668977774674 -1.9238173313387779 0.35869848971984725 0.07610241327662295 -0.19093513204911858 -0.9382825629202153 0.7199400610374219 0.001955333858998342 1.9881690695436596 -0.3850146157679923 0.3879215006722269 1.4026051154999026 0.004527882475673679
-1.848826786746671 -0.4738998446958251 2.5258471834138367 0.44800389747885144 0.3512097443552381 -1.3864715793642273 0.18618878679469086 -0.6287680289363121 0.18899266962936095 0.11620672049979944 -0.2331419133719374 -0.9768852012509043 0.40675256394232223 -0.6712925995218634
2.48295799215423 1.9207557854293704 1.0522939866764776 -1.1238435665432864 -0.697007561417026 0.29621010648072194 -0.6804312402566786 0.4834217431356679 -1.0170762330592114 -0.7085729485032055 -0.8164515944497546 1.718638594474481 -0.4756770263412975 1.2195150614525807
2.7260125063486544 -0.2540112780387024 -0.6804919213786664 -1.5698912773187341 0.4117788705192098 -1.0570516814011222 0.32011875176354726 -0.3443579999035348 -0.24011829864371464 0.04917119779477523 -0.022252815065530854 0.33239699901068775 0.09140413086751437 0.09044369019149145
0.39507913668794925 -0.11180137064301925 1.188744664895229 1.8888227338510273 0.8533388005965415 -0.09870397438232546 -2.4536603437729925 -0.8812005825511561 0.5383737869729023 -2.4001000509017776 -0.01643463526514261 1.6545544051280279 0.40755109989426036 1.3489411735751058
2.647747257422505 -1.0506274718013613 -0.6282311318046508 -1.4211791965703728 1.9942580706210546 -1.5617054618151385 1.200754044406809 -0.4801723882987565 0.03850343530468282 0.03436439473302315 -0.06401344261988252 0.29120741490924085 0.5106180570139204 -0.9164187651136297
-2.934236045058934 -0.8639994498323535 -0.5118828656683743 -0.36725558375959133 0.47936521255518844 1.2010576836124993 -1.0698320550115896 -0.2422645721768141 -0.06913818933668933 0.9446513525974655 -0.09257302054558023 0.15087962855781453 -0.17127142050080915 0.1409914838271824
-0.7143875403544713 -2.0994620202104604 -1.2499204331793077 1.6325262209816638 1.7015686441492024 1.3595781744537347 0.36997738958610943 -1.7688848014348282 -0.3708681687717136 2.7710241192909577 -1.1379355453108881 0.8597220965780324 -0.570465383035305 0.6858444139049954
0.9808990200330631 -2.6808439922378695 0.1235591265412682 -0.5556512023404392 0.953047721937825 -0.9608755176096274 0.07977511449943304 -0.8727288691158166 0.08307221506988645 0.19047182395508014 0.1684259475916003 -0.4169739249105081 0.42579886011727913 0.15374624948253177
2.8837799950815053 0.46979373732102264 -0.9856620728719026 -1.015563435410423 -0.43957576068716514 -0.38975867704834016 -0.3090325084958109 -0.6364899074969876 0.3406016727378423 0.23029752660240138 0.40407689861297835 -0.9896027839534239 0.0067812953104399755 -0.7904910308410129
-1.7546926899464526 -1.620097489503737 -0.071825124228942 -1.020512818303256 0.6440451019057402 0.5295713824313797 0.8488852217742148 0.6612241349751719 0.07436836012724231 -1.3234583127275656 -0.11322593305878245 0.2821594354709855 -0.020240831510356407 0.04649109248814919
0.17054907774568115 1.6098678202212735 1.0839061106059948 1.0684809966564424 0.9230257444311404 -1.7911668267303507 0.44419647714618876 -0.5401415713438257 -0.730637334735992 -0.07433367076533719 -0.1502539433531039 0.6731032174816779 -0.4667544790847705 -1.137418971928101
2.499207805383969 0.8680611241634391 0.7250427548265852 -0.6500638737909586 1.3801996930623712 -0.044719685831545605 0.5913354063373787 0.297238621762666 -0.035487939589346935 -1.0835394410040984 -0.8465323644128342 1.2158077816355113 0.21774716094668353 -1.3748072364753194
3.4593841490026476 -0.10503040485165736 -0.37662834702215026 -1.3411291917830326 0.2988023489254249 -0.7224830576043749 0.367275432013961 -0.5004210786304717 -0.09119439483698705 0.12472863780160241 -0.0949003460177401 0.25332675490433654 -0.15604942116815376 -0.06783440492617375
0.1786681064979477 0.7989609176019408 1.4647770501645239 3.775531277475232 1.308423724967135 2.646590710256797 -0.3160628309693703 -1.7992478193266115 1.864116162139788 -1.648593589693751 -1.1062312609083347 1.4132813670326876 -1.242634736713448 0.27321960596449707
-1.1879475469685248 1.9180172108438724 0.7381943705187868 -1.2220526638816716 1.0151928459866488 -0.09964817197176783 -1.7307513659433418 -0.39207517115815194 -0.18595190122848182 1.594585611268085 -0.5098560035128492 0.687891308109909 0.4219756119261463 -0.4677487978955955
1.1365933344179764 -0.9528938287087484 2.3873591583243643 0.812855117846518 -1.6821668749537086 -1.1854713502418297 -0.5707005369596833 -0.67979682281403 -0.2584048606237294 0.6770333035380733 0.04695424330645663 0.4092176469798789 -1.2716725528808293 -0.24477738953937384
1.7219394780717425 -3.0853563019904464 0.10927708118537709 -0.810226963554052 1.2727940138433793 -0.82912192024439 0.6489751818323475 -0.7449077902430812 0.46824024660002245 -0.027281546293345102 -0.10386974918201496 -0.6775478491357432 0.8004167233770945 -0.4684903128331474
-0.8568885351516169 1.2123283167150558 -3.261511186785503 0.25613773644991844 -1.101395563531979 0.8761570710945786 -1.9245574106670513 -0.7950824457203797 -0.0992811378759659 1.9356058675611418 1.3397774009878856 -0.6984207786559351 -0.48805359505896206 -1.5328794395400505
-2.7203004055247235 0.007075959811118763 1.5473440742764388 -0.21691207440593702 -1.782768960579704 -0.021663462487195737 0.5479161401956723 -0.05476841227868792 -0.5283990099416132 -0.347285609714633 -0.15009053312854448 -0.0022604752373741326 -0.7522758479513418 1.6459401205963569
-0.6119069940760825 0.3853308834016035 0.7149774574368549 -0.7339291011701011 -2.036358847655949 2.6924173941851084 -0.16493624150017785 0.050875007132539146 1.7383076158754287 -1.1047911650887816 0.07448002142115567 -1.9198667897795922 -0.700687397323149 -1.1422039729348998
0.37638534668003976 -0.7935867121607532 2.883291316979434 -0.5998158594044796 0.6571473366075363 0.3672110628032726 -0.211575011998497 0.3771121356522479 0.5174282938705251 -1.0765618141919266 -0.916343194232081 1.3239401235753896 -0.43681903004138145 -0.9467707476478623
0.6090019553455321 1.4039626332225372 1.7550577810944044 -2.036501644326806 1.117693939646186 -0.4536516499017348 0.4413393042730496 -0.1370482327266944 0.17530635273537132 -0.3676538722118085 -0.696497486835884 0.588946248747298 -0.13376308928530292 0.36557067901004603
1.3848821856086082 1.2087256389929328 -1.1628705431398092 0.6907098342710594 1.1391778913001136 1.3244964589780441 -0.21194375060865822 2.663972005864597 -0.7397411890260289 -0.6067888609732295 1.1965997575525085 -1.5603140950050103 -2.6488373137403407 -0.42134835104278945
-1.528204716008875 1.3529617426588263 -0.2815298838387908 -2.055853578134357 0.4044623672343207 0.4427180340632108 1.2036755930423715 0.10444651921776243 0.23658726954541104 -0.7483243777535462 0.023704663421371782 -0.1532828435735944 0.017060321036326823 0.37512719191220273
-1.0460936355503756 0.1960994339327194 -2.620135331229809 -0.6496880535673709 0.31569870170275116 -0.07994940394594545 -0.9836284765513739 -0.4028308213015376 -0.4146406653017789 1.7702847931137196 0.8691765935225629 0.6816309758276352 -0.7810796229339446 -0.9359826888472528
-1.3439781971142208 1.2594615707067771 -0.2981344934824421 -1.0440385695842969 1.9851816670207256 -0.6876141455397905 -1.4266457625420486 -0.6555593057615096 -0.32303935588328325 1.6785005571050156 -0.24804628627213615 0.15027701497616824 0.5050870160646929 -0.341922761218925
-1.1039135514779337 0.9210947987359392 -1.2535824662386965 -1.9645368713843518 0.40258642315228865 0.10033033354297484 1.0494421353303343 0.3906799883788179 -0.5303513184134464 -0.8305582587270656 0.06892002941620945 0.08532268247043417 0.2196129232564965 1.1591788462110877
0.3573488734567737 -0.8568549669373329 2.4393143338046395 -1.3369825589913644 0.37615415886443726 0.49728066405920496 -0.0504053970508711 0.34598413276658446 1.132231578529254 -1.003127215539772 -0.8556788329704982 -0.183467482900108 0.13206548311897273 -1.0990554454112784
1.9049520219861538 -0.041395914059633006 -2.1133917943948695 -0.7655641449674238 -0.5609928513967605 0.4226905416869896 0.8918768340813049 0.1868373787111465 -0.025076069493916844 -0.6424817435818282 0.5399981284648855 0.5034319905234703 -0.5781604854438724 -1.1411850518584696
-1.3729558001844255 -0.46347271022851116 2.9423280947213546 0.5089512645138788 0.30579727237848886 -1.2822256099484381 0.3390964311134562 -0.7137019347272433 -0.19505119612934207 0.0030263004965976024 -0.5743142088545692 0.07105639539224817 -0.026545557848352077 0.1533650425735706
-0.9131864381235941 -2.251789524402085 -1.9340167974158262 -0.111224269873887 -0.40533918255758644 0.37553633073266535 0.3082613988040799 -0.5045331749325641 0.41130399805051615 -0.2961504856976519 1.076000752992111 -1.314393421666152 0.17434746135581575 -0.669643290552819
1
-1
-1
1
1
1
1
1
1
1
-1
1
-1
1
-1
1
1
-1
1
1
1
1
1
-1
-1
-1
-1
1
-1
-1
-1
1
-1
-1
-1
1
-1
-1
-1
-1
1
1
1
1
1
1
1
1
-1
-1
-1
1
-1
