-2.5616449749002403 1.7037191368474547 -1.066778793135922 -0.14047306016846964 -0.2416157067789228 -1.0880469096752594 1.1502923589203222 -0.6109757277544914 -0.5840267684479679 0.08284505540700533 0.6897787197140945 -1.3913233949067343 -0.1470025298714389 0.5349305168258193
-1.2050404217365902 1.5002842797265405 -1.394787635438236 -1.2510823976444994 -0.035027039951920906 0.5773569183282558 0.5317100884954614 0.1976384203672195 0.05900386262929094 -0.8980096248251759 0.4268968441436955 -0.446647184039094 -0.3490867562716862 -0.07146648391527691
-0.7143875403544714 -2.099462020210458 -1.2499204331793088 1.6325262209816676 1.701568644149196 1.3595781744537394 0.36997738958615645 -1.76888480143481 -0.37086816877167955 2.771024119290982 -1.1379355453108975 0.85972209657801 -0.570465383035296 0.6858444139049878
-1.386360401894536 -0.41407667716067936 2.839358631721016 0.621218086784316 0.2989292706991778 -1.215122884572114 0.3159066706693794 -0.808031516370886 -0.0878422623685674 0.05314095591053842 -0.49366493360432584 -0.23380497998425764 0.09167471523588964 -0.04055490745601253
-1.1039135514779335 0.9210947987359449 -1.2535824662387038 -1.9645368713843436 0.4025864231522939 0.10033033354297374 1.049442135330321 0.39067998837884277 -0.5303513184134518 -0.8305582587270657 0.06892002941620483 0.0853226824704362 0.21961292325649498 1.15917884621109
-1.3167622908473278 3.1626679868008556 -0.9848111393920544 1.6830474953789332 -0.27237238202843744 0.5687849102057905 -1.3911733151525885 -0.19452845036105176 2.0439200510447226 -1.7009965432873186 0.21103788779231095 -0.4990782194250669 1.3653808538799177 0.5278147528256687
0.6505392854300117 0.4604489308564745 -0.17371624616942108 0.13517067702053978 -0.027243630485924698 -2.7736674249816944 0.16329714568591688 -1.0123580202527254 -0.8129145397547953 1.0340311802690352 0.6727695645369179 -0.2108097288427077 -0.7226592349304928 -0.06480431400857559
2.352252851511938 1.8556400290286592 -2.061548450221546 4.3564698364986025 1.279507600736912 1.552815011787199 -0.17527482937227185 -3.1170769064099213 1.2365785777176075 -0.42688231219856826 0.19184804395461777 0.5699531947855311 -1.259081584539908 0.22286769201781387
0.08949733785380369 -1.668604562558628 0.4875407712945612 1.248678654448394 -0.7838093019462957 -1.9575389299870423 -0.4850966373099525 -0.8821005466033444 -0.6910586294247827 0.668763349490967 0.5320191175799955 -0.4115206246415124 -0.1668665034956004 -0.24086780961005344
1.5692130648480944 -1.4416202721191929 -0.22241497869847202 0.4649999529073061 -1.7311568690055588 -0.443654412585545 -1.3570126474661466 0.9531597690181494 -0.033389774026268665 0.3097695319998696 -0.686653898456877 0.01910637755251916 1.5404762131823695 0.6677156076679518
-1.3138856112119313 1.6603805439314567 -0.3816225113604658 -1.4875872984494605 0.07816903013626444 0.7897468146172415 0.8394759665818995 0.20467050158453148 0.5234757783399527 -0.8645115184493631 0.21849351670205744 -0.35629863623976826 -0.14640329911588765 -0.718533622305099
3.2523796128325158 1.179461919894748 0.009507083355447723 1.326887431707321 1.1571656798767656 -0.16980389437282373 -1.381614910578736 4.504995807904193 -0.8158985669553421 -0.0653097703895633 -0.2850509872201159 -0.9625322418735864 -0.1467817505687121 -0.9871399281948321
-2.106385549215336 -0.6239835052343974 0.033589768823511855 0.9158964740317896 -1.83334577064019 -0.32509221027074353 0.022230752018894705 1.1571779371184145 -1.7306400638460147 -1.0574646069047071 -0.05661354120568399 1.2695931384575903 0.2927770736158335 0.5520859719905031
0.1506909050655539 -0.1383789186685395 1.744395507082676 1.7199117677386455 -0.9485857981086039 -0.9814951221714279 -0.26623351756218144 0.902434574321388 0.6705828472431496 0.07573376477016748 -1.209994190743866 -1.0503734493441441 1.1121868149888352 -1.1671631574228225
1.0262774061780675 -2.071865536115939 -1.6598343687993242 0.24879077877940758 -1.8763481350611608 0.6577936479519221 0.33163514198401856 1.3377824370613511 0.13699738901177727 -0.3961082131375651 -0.6409021281876347 0.0775617356946564 1.639155764273116 0.48848322539229083
1.0433114905871248 -1.556670572261464 0.9425274524885775 0.6065915196583309 2.0808590155711495 0.1301316717006294 -1.1880170491199082 2.541351046973738 -0.5360832577396539 -0.33688884400483193 0.6006210339385443 -2.0364610406557198 -1.5030559470323464 -0.045670042911369425
2.963018130159666 1.0076803474856866 0.37025305254223695 -0.7584664817073778 -1.255867534130556 -0.15328903721192416 -0.8933740810521812 0.18445713314208556 -0.39286836273398135 -0.032469272475469366 0.05253863432978452 1.2727725157461272 -0.2872988570861466 -0.795813227725429
2.6187930155146106 -2.0655689910147217 0.6828838741377946 -0.9732043939162704 -0.8324988534575192 -0.06799480283835688 -0.6327828294305847 0.10513281954900479 0.37083132465267116 -0.26712283704690876 -0.14861435242687118 0.0659861312906133 -0.6015348714544314 -0.33701710199731505
-0.45017477845191567 1.544019917987211 0.26737084324781 -0.9471631327535197 1.574331176642536 -0.27355178651318246 -1.4371799384904744 -0.8399525629448621 -0.4591722249482535 1.7020205447970287 -0.5225141905299057 0.7259548263246687 -0.1580075852992798 0.34853303178756256
-1.754692689946452 -1.6200974895037348 -0.07182512422894974 -1.0205128183032546 0.6440451019057459 0.5295713824313788 0.8488852217741963 0.6612241349751897 0.0743683601272291 -1.323458312727571 -0.11322593305878795 0.28215943547098854 -0.02024083151035568 0.046491092488146674
3.043814093263414 1.257024701588299 0.12200512086028571 -1.8245558967438344 -1.5573486547553816 0.28333153896178115 -0.1959479019781778 -1.4167549189537032 0.19604842410386217 0.7369583014324694 -0.06367809848182132 -1.1768611851543345 0.18065425900809787 1.6901967877836084
1.2427523745512574 0.09194528964899723 -2.9258977587911326 -0.7085769312745273 -1.331915333254183 -0.15484043436864572 0.7116128627150899 1.3691877454547576 0.06593976632768693 0.003729438793815332 -0.22138009462929878 -0.5064134748232367 1.8971136781116904 0.04639167849239924
1.0580657287691748 -2.1642507619103837 -1.1172862573049651 -0.549153022176309 -1.3046065455652625 1.025044565305074 0.4299185659481751 0.032940185399529205 0.22051106453526695 -0.7012061201476228 0.32843495238274073 -0.06134412901029453 -0.5220867692087419 -0.04946960585328386
-0.6576165165997123 -1.124836883094472 1.021603085781963 -1.031839899262908 0.9881148686024911 -0.16600812370907964 0.03298662949450829 -0.8801706424092572 0.1184355480911179 -0.2986747338631401 -0.44859939778881464 -1.0626988801734958 0.840965721859123 1.5565346007791763
2.587001823309819 -0.041715690716680735 -2.0486723125919646 -0.1977907886132468 -0.6307572312921528 0.6960451838124618 1.0039814127923588 0.09061812980449731 -0.5021828844707931 -0.7882119708733776 0.27277447287506973 1.3198430297806962 -0.32732867168569096 -0.8380492825637939
-0.05968946327816 -1.920867550999653 -1.4429197918520884 0.04807646882164464 -1.3447873522185674 0.7266844943082608 -0.28342444577744547 0.31602201950860465 0.045852791315100075 -0.714616595992616 0.8340854552299007 0.12196390386007859 -0.6188088465674543 -0.8897791458762856
-2.883526060755782 -1.0733764948996491 0.48834346216294505 0.22224197181338504 -0.1785430853832955 -0.8900480412807914 1.028681792105029 0.15953556197862806 -0.6312803982284171 -0.5555359366274066 0.10685506080656541 -0.015724099018103094 -0.49400362355779875 0.530243532685115
-0.8823238319686469 -1.494600647628609 -1.227462810573372 3.701840201526382 0.02927045100482002 -0.4458345053150612 2.0219798219809153 -0.9972235935872608 -0.20968992437749095 1.954249591434694 -1.390019297617645 -1.0435007560553946 1.2463017503883922 0.9687978707460025
2.8430774972884025 -0.8064391964196378 -0.6404383946839899 -1.1326413733965748 1.7302696745300763 -1.28940952610643 1.0493411330878246 -0.6407443597681544 0.12028545709775444 0.05357591034585597 -0.014925401471481858 0.15501196210147986 0.39831731945367194 -1.0289024387142411
3.170436913416854 -2.264055294090652 0.7375104435259344 -0.8528147606852399 -0.6488859518580209 0.0016992107158459626 -0.23860637127068432 -0.17639792346230634 -0.10896978779766492 -0.1849372068746843 -0.446321744430839 0.4259858746594249 -0.058882771640593384 0.5698684470492844
1.5001573819337188 1.4301121153361718 -1.3027494618888995 1.771144410325047 0.6447835834024306 -1.1590729908830772 -2.6584379471339727 -1.6786982993022637 1.3470181676428157 -1.2070431417733072 1.6090380843470053 0.06271018897151974 -0.49322277156446825 -0.8878282800644137
1.6749323320602867 -0.9211894103231597 0.8945155903568545 0.6883447877146325 0.6547359249723088 1.2057492508375234 -3.4239539068039697 3.2422501458413207 -1.1989380717249178 1.2294775318572206 -0.027193845638172127 -0.6622273917873113 -1.595808893546609 -0.2068904228519145
-0.6489833748633256 1.8965926613772914 -0.1575328597495417 1.8025323721827593 0.7641784918448036 0.02397612708232935 2.2154654836751564 -0.7613515474609884 -1.0914872367729487 0.7150871465851125 -1.3013017531276323 0.7264090437472929 -0.9437785416739094 0.7999368503207133
-3.5307484389480086 -0.7772684360494118 0.9743495940435406 0.2225144682503152 -0.09584698689678577 -0.6193086179721061 1.2728883369773594 -0.2654398487233299 -0.08228689790787802 -0.3706171606177812 0.1264756392293138 -0.7108902770523675 0.23480311637115844 -0.041669202642238314
1.136593334417976 -0.9528938287087524 2.3873591583243665 0.8128551178465059 -1.6821668749537015 -1.1854713502418357 -0.5707005369596594 -0.6797968228140463 -0.2584048606237215 0.6770333035380829 0.04695424330645048 0.4092176469798889 -1.271672552880825 -0.24477738953937864
-2.0541652522864546 -2.184916617373895 -1.8040040746828314 -0.40742116229085235 0.06524661058095989 0.35810804942997465 -1.0915901712729161 -0.8350613350531624 -0.21025448654192153 1.822112355130009 0.6472499388228113 -0.1530598126511289 -0.22389140149868597 0.31865903571598125
0.5426850340090876 1.289666451880751 0.9365643351118829 -1.9621431892870542 1.1985810997359743 -0.20447622902165585 0.644082848777324 -0.3015936768126883 0.9611917328301194 -0.41845877188591113 -0.4603135226069807 -1.1210688950139378 0.8844813371935594 -0.9801848424711996
1
1
-1
1
-1
1
1
1
-1
-1
1
-1
1
1
-1
1
-1
1
-1
1
-1
-1
-1
1
-1
-1
-1
1
-1
-1
1
-1
1
1
-1
1
1
