[0.801072]
[-0.153263]
[-0.284138]
[0.492883]
[0.688639]
[-0.238623]
[0.562142]
[-0.289945]
[1.00749]
[0.344613]
[-0.358101]
[0.188008]
[-0.0938139]
[0.2034]
[-0.374305]
[-0.230649]
[-0.154202]
[-0.122404]
[0.0374891]
[-0.228705]
[-0.190945]
[0.842654]
[0.131145]
[0.0658529]
[0.295715]
[0.374588]
[0.528834]
[0.0560353]
[0.131478]
[-0.0666623]
[0.630212]
[-0.336244]
[-0.148822]
[0.531255]
[0.115976]
[-0.263908]
[-0.316469]
[0.480531]
[0.10885]
[0.284696]
[0.0880769]
[0.448061]
[-0.367718]
[0.552131]
[-0.238967]
[0.135294]
[-0.324705]
[0.476463]
[0.259454]
[0.21255]
[-0.0834406]
[-0.0387545]
[0.703057]
[0.683538]
[0.629636]
[-0.192224]
[0.00287692]
[0.327165]
[0.441322]
[0.476296]
[-0.204346]
[0.149339]
[0.188439]
[-0.149287]
[0.509806]
[1.05208]
[1.07216]
[0.416395]
[0.365751]
[-0.257009]
[0.961587]
[0.113033]
[0.328617]
[0.7701]
[0.636003]
[0.0799025]
[0.153265]
[0.199472]
[0.635031]
[0.469214]
[0.390646]
[-0.147614]
[0.0427373]
[-0.0439166]
[0.383828]
[0.369409]
[-0.0466519]
[0.255432]
[0.584921]
[0.469922]
[0.0799515]
[1.4032]
[0.358102]
[0.579748]
[0.311248]
[0.152085]
[0.921713]
[-0.27002]
[-0.0750176]
[-0.541636]
[0.00377756]
[-0.327437]
[0.202363]
[0.977955]
[0.131273]
[-0.322525]
[0.507804]
[0.309144]
[0.250557]
[0.266605]
[-0.225964]
[-0.210315]
[0.763567]
[-0.171578]
[0.366553]
[0.623583]
[0.0435188]
[0.0678369]
[0.0658388]
[0.540194]
[0.0173057]
[0.107691]
[0.757843]
[0.173676]
[0.345869]
[0.517949]
[0.471697]
[0.568995]
[0.468253]
[-0.0503961]
[0.46611]
[0.228093]
[0.712583]
[-0.0327197]
[-0.169139]
[-0.345912]
[0.0251799]
[0.00109227]
[-0.109724]
[-0.367476]
[0.0846914]
[0.220177]
[0.338681]
[0.392265]
[-0.219367]
[0.114903]
[0.599056]
[0.10971]
[0.278643]
[-0.219336]
[0.167764]
[-0.34433]
[-0.285257]
[0.474494]
[0.428185]
[0.279568]
[0.223982]
[0.351536]
[0.50731]
[0.12269]
[-0.381615]
[0.0792328]
[-0.497333]
[0.217759]
[0.674569]
[0.425019]
[-0.00664991]
[-0.169293]
[0.396514]
[0.334671]
[0.170495]
[0.681356]
[0.586323]
[0.179106]
[0.404439]
[0.504385]
[-0.00422253]
[0.169483]
[0.0837801]
[-0.394239]
[-0.0889999]
[-0.287729]
[-0.336295]
[0.160774]
[-0.322926]
[0.533394]
[0.521466]
[0.341779]
[0.354208]
[-0.209931]
[0.303919]
[0.491926]
[-0.0228724]
[0.27324]
[-0.232364]
[0.17662]
[-0.185583]
[0.297857]
[0.661847]
[-0.146772]
[0.659359]
[0.362979]
[0.0416236]
[0.667026]
[0.353374]
[0.385139]
[0.445117]
[0.721587]
[-0.0381625]
[0.0449831]
[0.153703]
[0.584769]
[0.170697]
--
Time = 6068.8 seconds 
Data sent = 155398 MB
Global data sent = 414862 MB
